Recoil Energy [keV]      counts/keV/neutron
1.000000000000000000e+00 8.687500000000000777e-03
3.000000000000000000e+00 3.725000000000000012e-04
5.000000000000000000e+00 2.374999999999999995e-04
7.000000000000000000e+00 3.099999999999999999e-04
9.000000000000000000e+00 1.375000000000000083e-04
1.100000000000000000e+01 8.500000000000000611e-05
1.300000000000000000e+01 5.250000000000000218e-05
1.500000000000000000e+01 3.249999999999999715e-05
1.700000000000000000e+01 4.250000000000000305e-05
1.900000000000000000e+01 4.000000000000000327e-05
2.100000000000000000e+01 6.750000000000000086e-05
2.300000000000000000e+01 2.750000000000000098e-05
2.500000000000000000e+01 5.500000000000000196e-05
2.700000000000000000e+01 3.499999999999999693e-05
2.900000000000000000e+01 5.000000000000000240e-05
3.100000000000000000e+01 9.249999999999999867e-05
3.300000000000000000e+01 9.249999999999999867e-05
3.500000000000000000e+01 1.524999999999999934e-04
3.700000000000000000e+01 5.500000000000000196e-05
3.900000000000000000e+01 6.999999999999999387e-05
4.100000000000000000e+01 9.249999999999999867e-05
4.300000000000000000e+01 6.499999999999999431e-05
4.500000000000000000e+01 1.600000000000000131e-04
4.700000000000000000e+01 9.749999999999999823e-05
4.900000000000000000e+01 4.750000000000000262e-05
5.100000000000000000e+01 4.500000000000000283e-05
5.300000000000000000e+01 3.000000000000000076e-05
5.500000000000000000e+01 4.250000000000000305e-05
5.700000000000000000e+01 6.499999999999999431e-05
5.900000000000000000e+01 5.000000000000000240e-05
6.100000000000000000e+01 7.499999999999999343e-05
6.300000000000000000e+01 7.499999999999999343e-05
6.500000000000000000e+01 6.750000000000000086e-05
6.700000000000000000e+01 8.000000000000000654e-05
6.900000000000000000e+01 4.500000000000000283e-05
7.100000000000000000e+01 1.124999999999999969e-04
7.300000000000000000e+01 9.249999999999999867e-05
7.500000000000000000e+01 8.000000000000000654e-05
7.700000000000000000e+01 7.499999999999999343e-05
7.900000000000000000e+01 1.174999999999999965e-04
8.100000000000000000e+01 1.250000000000000026e-04
8.300000000000000000e+01 1.024999999999999978e-04
8.500000000000000000e+01 5.250000000000000218e-05
8.700000000000000000e+01 9.000000000000000567e-05
8.900000000000000000e+01 7.749999999999999999e-05
9.100000000000000000e+01 5.750000000000000174e-05
9.300000000000000000e+01 5.500000000000000196e-05
9.500000000000000000e+01 5.250000000000000218e-05
9.700000000000000000e+01 3.499999999999999693e-05
9.900000000000000000e+01 3.000000000000000076e-05
1.010000000000000000e+02 2.250000000000000142e-05
1.030000000000000000e+02 5.250000000000000218e-05
1.050000000000000000e+02 5.250000000000000218e-05
1.070000000000000000e+02 5.000000000000000240e-05
1.090000000000000000e+02 5.750000000000000174e-05
1.110000000000000000e+02 4.750000000000000262e-05
1.130000000000000000e+02 9.249999999999999867e-05
1.150000000000000000e+02 8.500000000000000611e-05
1.170000000000000000e+02 8.249999999999999955e-05
1.190000000000000000e+02 4.750000000000000262e-05
1.210000000000000000e+02 6.250000000000000130e-05
1.230000000000000000e+02 8.749999999999999911e-05
1.250000000000000000e+02 5.500000000000000196e-05
1.270000000000000000e+02 8.500000000000000611e-05
1.290000000000000000e+02 8.500000000000000611e-05
1.310000000000000000e+02 4.500000000000000283e-05
1.330000000000000000e+02 4.000000000000000327e-05
1.350000000000000000e+02 6.999999999999999387e-05
1.370000000000000000e+02 4.750000000000000262e-05
1.390000000000000000e+02 3.749999999999999671e-05
1.410000000000000000e+02 4.250000000000000305e-05
1.430000000000000000e+02 3.000000000000000076e-05
1.450000000000000000e+02 2.750000000000000098e-05
1.470000000000000000e+02 3.000000000000000076e-05
1.490000000000000000e+02 2.500000000000000120e-05
1.510000000000000000e+02 2.250000000000000142e-05
1.530000000000000000e+02 1.000000000000000082e-05
1.550000000000000000e+02 1.000000000000000082e-05
1.570000000000000000e+02 0.000000000000000000e+00
1.590000000000000000e+02 0.000000000000000000e+00
1.610000000000000000e+02 0.000000000000000000e+00
1.630000000000000000e+02 0.000000000000000000e+00
1.650000000000000000e+02 0.000000000000000000e+00
1.670000000000000000e+02 0.000000000000000000e+00
1.690000000000000000e+02 0.000000000000000000e+00
1.710000000000000000e+02 0.000000000000000000e+00
1.730000000000000000e+02 0.000000000000000000e+00
1.750000000000000000e+02 0.000000000000000000e+00
1.770000000000000000e+02 0.000000000000000000e+00
1.790000000000000000e+02 0.000000000000000000e+00
1.810000000000000000e+02 0.000000000000000000e+00
1.830000000000000000e+02 0.000000000000000000e+00
1.850000000000000000e+02 0.000000000000000000e+00
1.870000000000000000e+02 0.000000000000000000e+00
1.890000000000000000e+02 0.000000000000000000e+00
1.910000000000000000e+02 0.000000000000000000e+00
1.930000000000000000e+02 0.000000000000000000e+00
1.950000000000000000e+02 0.000000000000000000e+00
1.970000000000000000e+02 0.000000000000000000e+00
1.990000000000000000e+02 0.000000000000000000e+00