Recoil Energy [keV]      counts/keV/neutron
1.250000000000000000e-01 3.697599982842803001e-03
3.750000000000000000e-01 3.484000044409185648e-04
6.250000000000000000e-01 2.948000037577003241e-04
8.750000000000000000e-01 3.028000064659863710e-04
1.125000000000000000e+00 2.448000013828277588e-04
1.375000000000000000e+00 2.043999993475154042e-04
1.625000000000000000e+00 1.880000054370611906e-04
1.875000000000000000e+00 1.748000067891553044e-04
2.125000000000000000e+00 1.427999959560111165e-04
2.375000000000000000e+00 1.284000027226284146e-04
2.625000000000000000e+00 9.359999967273324728e-05
2.875000000000000000e+00 7.919999916339293122e-05
3.125000000000000000e+00 7.159999950090423226e-05
3.375000000000000000e+00 5.600000076810829341e-05
3.625000000000000000e+00 4.279999848222360015e-05
3.875000000000000000e+00 2.719999974942766130e-05
4.125000000000000000e+00 1.479999991715885699e-05
4.375000000000000000e+00 6.400000074791023508e-06
4.625000000000000000e+00 1.200000042445026338e-06
4.875000000000000000e+00 0.000000000000000000e+00
5.125000000000000000e+00 0.000000000000000000e+00
5.375000000000000000e+00 0.000000000000000000e+00
5.625000000000000000e+00 0.000000000000000000e+00
5.875000000000000000e+00 0.000000000000000000e+00
6.125000000000000000e+00 0.000000000000000000e+00
6.375000000000000000e+00 0.000000000000000000e+00
6.625000000000000000e+00 0.000000000000000000e+00
6.875000000000000000e+00 0.000000000000000000e+00
7.125000000000000000e+00 0.000000000000000000e+00
7.375000000000000000e+00 0.000000000000000000e+00
7.625000000000000000e+00 0.000000000000000000e+00
7.875000000000000000e+00 0.000000000000000000e+00
8.125000000000000000e+00 0.000000000000000000e+00
8.375000000000000000e+00 0.000000000000000000e+00
8.625000000000000000e+00 0.000000000000000000e+00
8.875000000000000000e+00 0.000000000000000000e+00
9.125000000000000000e+00 0.000000000000000000e+00
9.375000000000000000e+00 0.000000000000000000e+00
9.625000000000000000e+00 0.000000000000000000e+00
9.875000000000000000e+00 0.000000000000000000e+00